matrix1: -1.57321 4.47042 2.57757 1.9007 3.78318 4.53229 -0.885983 -0.507737 
matrix2: -4.11022 7.39096 -3.016 -2.92753 
